4294967278,37
4294967278,36
4294967278,35
4294967278,34
4294967278,33
4294967278,32
4294967279,23
4294967279,21
4294967279,19
4294967279,18
4294967279,17
4294967279,16
4294967279,15
4294967279,14
4294967279,13
4294967279,12
4294967294,195
4294967294,194
4294967294,193
4294967294,192
4294967294,1045
4294967294,1044
4294967294,1043
4294967294,1041
4294967294,1040
4294967294,1039
4294967294,1038
4294967294,1037
4294967294,1029
4294967294,401
4294967279,262
4294967279,261
4294967294,180
4294967294,189
4294967294,30
4294967294,160
4294967294,164
4294967294,5
4294967294,115
4294967294,387
4294967294,388
4294967294,165
4294967294,113
4294967294,168
4294967294,167
4294967294,175
4294967294,183
4294967294,177
4294967294,88
4294967294,42
4294967294,43
4294967294,18
4294967294,127
4294967294,14
4294967294,126
4294967294,20
4294967294,13
4294967294,76
4294967294,424
4294967294,416
4294967294,51
4294967294,469
4294967279,258
4294967294,10
4294967294,82
4294967294,200
4294967294,199
4294967294,198
4294967294,197
4294967294,196
4294967294,1047
4294967294,1046
4294967294,1035
4294967294,1033
4294967294,1031
4294967294,1030
4294967294,1027
4294967294,421
4294967294,182
4294967294,173
4294967294,170
4294967294,163
4294967294,162
4294967294,161
4294967294,104
4294967294,106
4294967294,166
4294967294,24
4294967294,184
4294967294,384
4294967294,188
4294967294,185
4294967278,126
4294967278,125
4294967278,123
4294967278,122
4294967278,119
4294967278,117
4294967278,116
4294967278,115
4294967278,114
4294967278,113
4294967278,112
4294967278,109
4294967278,107
4294967278,106
4294967278,105
4294967278,104
4294967278,103
4294967278,101
4294967278,98
4294967278,96
4294967278,95
4294967278,94
4294967278,93
4294967278,92
4294967278,91
4294967278,87
4294967278,85
4294967278,84
4294967278,83
4294967278,82
4294967278,81
4294967278,79
4294967278,76
4294967278,74
4294967278,73
4294967278,72
4294967278,71
4294967278,65
4294967278,63
4294967278,62
4294967278,61
4294967278,60
4294967278,56
4294967278,54
4294967278,53
4294967278,52
4294967278,51
4294967278,50
4294967278,49
4294967278,48
4294967278,46
4294967278,45
4294967278,44
4294967278,43
4294967278,41
4294967278,40
4294967278,39
4294967279,22
4294967279,20
4294967279,11
4294967279,10
4294967279,9
4294967279,8
4294967279,7
4294967279,6
4294967279,5
4294967294,425
4294967294,68
4294967294,12
4294967294,11
4294967279,4
4294967279,275
4294967294,81
4294967278,320
4294967278,132
4294967279,522
4294967278,319
4294967278,131
4294967279,521
4294967278,318
4294967278,130
4294967279,520
4294967294,428
4294967278,317
4294967278,316
4294967278,129
4294967279,519
4294967278,315
4294967278,128
4294967279,518
4294967278,127
4294967278,256
4294967279,517
4294967279,516
4294967278,255
4294967279,515
16,5
4294967278,314
4294967278,124
16,4
16,3
16,2
16,1
4294967279,514
4294967278,254
4294967279,513
4294967278,121
4294967278,251
4294967279,512
4294967278,120
4294967278,249
4294967279,319
4294967278,246
4294967294,190
4294967294,176
4294967294,1
4294967278,118
4294967278,244
4294967278,245
4294967278,242
4294967278,238
15,5
4294967278,237
15,4
15,3
15,2
15,1
4294967279,318
4294967278,236
4294967278,111
4294967278,233
4294967278,110
4294967278,231
4294967278,228
4294967294,36
4294967294,39
4294967278,108
4294967278,226
4294967278,227
4294967278,224
4294967278,220
14,5
4294967278,218
14,4
14,3
14,2
14,1
4294967278,216
4294967278,102
4294967278,215
4294967279,317
4294967278,313
4294967278,100
4294967279,316
4294967278,312
4294967278,99
4294967279,315
4294967278,210
4294967278,209
4294967278,311
4294967278,97
4294967279,314
4294967278,208
4294967278,206
4294967278,205
4294967279,313
4294967278,204
4294967279,312
4294967278,310
4294967278,90
4294967279,311
4294967278,309
4294967278,89
4294967279,310
4294967278,200
4294967278,199
4294967278,308
4294967278,86
4294967279,309
4294967278,198
4294967278,196
4294967278,195
4294967294,9
4294967279,308
4294967278,194
4294967278,307
4294967278,80
4294967279,307
4294967279,306
4294967294,46
4294967294,389
4294967294,114
4294967278,306
4294967278,78
4294967279,305
4294967278,305
4294967278,77
4294967279,304
4294967278,189
4294967278,188
4294967278,304
4294967278,75
4294967279,303
4294967294,89
4294967278,187
4294967278,185
4294967278,183
11,4
4294967278,184
11,3
11,2
11,1
4294967278,303
4294967278,70
4294967279,302
4294967278,302
4294967278,69
4294967278,301
4294967278,68
4294967294,107
4294967294,50
4294967279,301
4294967278,300
4294967278,67
4294967279,300
4294967278,299
4294967278,66
4294967278,178
4294967279,299
4294967278,177
4294967278,298
4294967278,64
4294967278,176
4294967278,175
4294967294,7
4294967278,171
4294967278,173
